/home/yanicktchenko/Downloads/train2017/000000205350.jpg 260,252,327,305,16 382,411,516,421,71 220,411,374,421,71 192,406,554,488,71
/home/yanicktchenko/Downloads/train2017/000000471175.jpg 365,0,639,353,16 0,0,294,217,0
/home/yanicktchenko/Downloads/train2017/000000400728.jpg 289,214,341,286,16 283,214,481,466,1 146,125,225,190,3 422,107,427,134,58 425,108,433,133,58 439,106,448,131,58 445,109,452,132,58 452,111,459,130,58 433,107,442,132,58 476,110,486,129,58
/home/yanicktchenko/Downloads/train2017/000000194306.jpg 232,103,415,206,16 0,0,640,419,2
/home/yanicktchenko/Downloads/train2017/000000325969.jpg 182,38,484,313,16 26,128,608,448,3 447,0,573,153,0 110,2,223,75,0 0,0,119,149,0 358,0,440,71,0 237,0,373,87,0 624,227,639,252,0
/home/yanicktchenko/Downloads/train2017/000000173350.jpg 266,0,467,269,16 250,254,453,457,16 106,0,307,217,61
/home/yanicktchenko/Downloads/train2017/000000346071.jpg 271,59,519,419,16 149,42,279,227,16 10,1,638,423,2
/home/yanicktchenko/Downloads/train2017/000000158497.jpg 384,191,628,347,16 442,145,639,253,16 129,1,151,42,39 154,0,181,47,39 388,0,638,205,72 283,208,356,276,45 240,0,388,46,68 203,93,231,124,41 233,93,253,129,41 309,163,325,184,43 212,202,269,234,45 562,258,639,425,16 199,78,229,104,41 155,18,179,46,41 356,206,361,224,44 257,96,281,122,40 212,213,281,280,45 293,102,308,122,41 361,202,363,206,44 365,212,370,223,44
/home/yanicktchenko/Downloads/train2017/000000263146.jpg 153,2,427,341,16 49,145,598,451,3 447,1,635,259,0 1,0,67,55,0 340,0,448,56,0 193,1,295,80,0 285,0,337,34,0
/home/yanicktchenko/Downloads/train2017/000000155997.jpg 242,270,432,380,16 39,273,454,474,1 270,216,436,300,1 292,131,360,299,0 68,98,160,428,0 362,126,396,166,0 169,157,230,394,0 433,152,468,220,0 497,152,532,226,0 142,141,176,233,0 189,142,229,196,0 381,164,399,189,12 359,164,397,221,12 201,191,249,268,24 475,155,498,217,0 392,148,411,174,0 0,106,64,356,0 405,150,429,182,0 343,140,369,180,0
